001,4,24/7/2568,14:30:19,001,1,7,79
001,4,24/7/2568,14:30:19,001,1,7,79
001,4,24/7/2568,14:30:19,001,1,7,79
001,4,24/7/2568,14:30:19,001,1,7,79
001,4,24/7/2568,14:30:19,001,1,7,79
001,4,24/7/2568,14:30:19,001,1,7,79
002,4,12/7/2568,14:30:19,001,1,7,79
002,4,12/7/2568,14:30:19,001,1,7,79
002,4,12/7/2568,14:30:19,001,1,7,79
002,4,12/7/2568,14:30:19,001,1,7,79
002,4,12/7/2568,14:30:19,001,1,7,79
002,4,12/7/2568,14:30:19,001,1,7,79
003,4,13/7/2568,14:30:19,001,1,7,79
003,4,13/7/2568,14:30:19,001,1,7,79
003,4,13/7/2568,14:30:19,001,1,7,79
003,4,13/7/2568,14:30:19,001,1,7,79
003,4,13/7/2568,14:30:19,001,1,7,79
003,4,13/7/2568,14:30:19,001,1,7,79
004,4,13/7/2568,14:30:19,001,1,7,79.3
005,4,14/7/2568,14:30:19,001,1,7,79.69